240, 0.000000, 175.292969;
241, 0.260293, 175.292969;
242, 0.000000, 180.322266;
243, 0.141026, 180.346680;
244, 0.000000, 182.836914;
245, 0.212747, 184.082031;
246, 0.000000, 184.741211;
247, 0.244982, 184.716797;
248, 0.000000, 187.231445;
249, 0.232088, 185.986328;
250, 0.000000, 185.351562;
251, 0.275604, 188.500977;
252, 0.000000, 187.866211;
253, 0.229670, 192.260742;
254, 0.000000, 193.530273;
255, 0.219194, 194.775391;
256, 0.000000, 195.410156;
257, 0.223223, 194.140625;
258, 0.000000, 196.679688;
259, 0.269963, 194.775391;
260, 0.000000, 197.924805;
261, 0.211941, 199.169922;
262, 0.000000, 199.804688;
263, 0.280440, 202.319336;
264, 0.000000, 201.074219;
265, 0.217582, 202.929688;
266, 0.000000, 199.804688;
267, 0.258681, 204.199219;
268, 0.000000, 202.954102;
269, 0.207106, 205.468750;
270, 0.000000, 208.593750;
271, 0.206300, 209.863281;
272, 0.000000, 211.108398;
273, 0.207912, 208.618164;
274, 0.000000, 211.743164;
275, 0.193407, 211.108398;
276, 0.000000, 212.988281;
277, 0.209524, 215.527344;
278, 0.000000, 214.257812;
279, 0.234505, 213.623047;
280, 0.000000, 218.017578;
281, 0.156337, 214.892578;
282, 0.000000, 218.017578;
283, 0.167619, 221.166992;
284, 0.000000, 219.921875;
285, 0.188571, 221.777344;
286, 0.000000, 221.191406;
287, 0.200659, 221.777344;
288, 0.000000, 223.071289;
289, 0.190989, 224.291992;
290, 0.000000, 226.831055;
291, 0.165201, 228.076172;
292, 0.000000, 229.345703;
293, 0.103150, 227.441406;
294, 0.000000, 229.956055;
295, 0.170037, 228.100586;
296, 0.000000, 232.470703;
297, 0.185348, 230.590820;
298, 0.000000, 229.956055;
299, 0.174066, 233.105469;
300, 0.000000, 235.009766;
301, 0.157143, 234.985352;
302, 0.000000, 234.350586;
303, 0.173260, 235.009766;
304, 0.000000, 239.379883;
305, 0.171648, 233.740234;
306, 0.000000, 238.745117;
307, 0.178901, 238.769531;
308, 0.000000, 239.379883;
309, 0.170037, 241.918945;
310, 0.000000, 238.745117;
311, 0.170842, 240.039062;
312, 0.000000, 240.625000;
313, 0.151502, 241.918945;
314, 0.000000, 242.529297;
315, 0.159560, 246.923828;
316, 0.000000, 245.043945;
317, 0.170842, 246.313477;
318, 0.000000, 248.168945;
319, 0.163590, 246.313477;
320, 0.000000, 249.438477;
321, 0.145055, 248.803711;
322, 0.000000, 251.342773;
323, 0.107179, 250.073242;
324, 0.000000, 253.833008;
325, 0.151502, 253.833008;
326, 0.000000, 251.953125;
327, 0.152308, 251.953125;
328, 0.000000, 253.857422;
329, 0.157949, 254.467773;
330, 0.000000, 255.712891;
331, 0.119267, 256.982422;
332, 0.000000, 258.251953;
333, 0.102344, 256.347656;
334, 0.000000, 256.982422;
335, 0.156337, 256.347656;
336, 0.000000, 258.862305;
337, 0.000000, 258.251953;
338, 0.000000, 258.862305;
339, 0.141832, 259.497070;
340, 0.000000, 262.011719;
341, 0.152308, 262.646484;
342, 0.000000, 263.256836;
343, 0.157949, 262.011719;
344, 0.000000, 262.622070;
345, 0.140220, 265.161133;
346, 0.000000, 263.891602;
347, 0.132967, 265.161133;
348, 0.000000, 265.136719;
349, 0.143443, 267.675781;
350, 0.000000, 267.651367;
351, 0.128938, 267.041016;
352, 0.000000, 267.041016;
353, 0.140220, 269.531250;
354, 0.000000, 267.041016;
355, 0.134579, 270.190430;
356, 0.000000, 269.531250;
357, 0.132161, 270.190430;
358, 0.000000, 272.680664;
359, 0.124103, 267.675781;
360, 0.000000, 270.800781;
361, 0.133773, 275.195312;
362, 0.000000, 272.705078;
363, 0.042711, 272.680664;
364, 0.000000, 274.584961;
365, 0.127326, 272.680664;
366, 0.000000, 270.800781;
367, 0.116044, 277.099609;
368, 0.000000, 276.464844;
369, 0.130549, 278.344727;
370, 0.000000, 277.075195;
371, 0.128132, 278.979492;
372, 0.000000, 277.075195;
373, 0.126520, 277.099609;
374, 0.000000, 277.099609;
375, 0.099121, 273.925781;
376, 0.000000, 279.614258;
377, 0.116044, 279.589844;
378, 0.000000, 281.494141;
379, 0.105568, 278.979492;
380, 0.000000, 280.224609;
381, 0.116044, 280.224609;
382, 0.000000, 280.249023;
383, 0.124103, 280.834961;
384, 0.000000, 282.763672;
385, 0.108791, 282.739258;
386, 0.000000, 282.104492;
387, 0.110403, 280.859375;
388, 0.000000, 285.253906;
389, 0.103150, 287.768555;
390, 0.000000, 282.763672;
391, 0.100733, 285.253906;
392, 0.000000, 286.499023;
393, 0.103150, 287.768555;
394, 0.000000, 286.523438;
395, 0.140220, 284.008789;
396, 0.000000, 288.378906;
397, 0.112821, 285.888672;
398, 0.000000, 285.253906;
399, 0.112821, 286.523438;
400, 0.000000, 291.528320;
401, 0.106374, 289.038086;
402, 0.000000, 290.283203;
403, 0.107985, 293.408203;
404, 0.000000, 290.283203;
405, 0.064469, 292.797852;
406, 0.000000, 292.797852;
407, 0.000000, 293.432617;
408, 0.000000, 290.283203;
409, 0.095092, 292.163086;
410, 0.000000, 292.163086;
411, 0.101538, 292.163086;
412, 0.000000, 293.432617;
413, 0.101538, 295.312500;
414, 0.000000, 295.947266;
415, 0.000000, 297.802734;
416, 0.000000, 294.702148;
417, 0.092674, 294.677734;
418, 0.000000, 296.557617;
419, 0.044322, 296.582031;
420, 0.000000, 295.922852;
421, 0.000000, 295.312500;
422, 0.000000, 297.827148;
423, 0.095897, 296.557617;
424, 0.000000, 300.341797;
425, 0.073333, 300.341797;
426, 0.000000, 299.707031;
427, 0.091062, 299.072266;
428, 0.000000, 298.461914;
429, 0.091868, 301.586914;
430, 0.000000, 300.341797;
431, 0.078974, 299.072266;
432, 0.000000, 303.466797;
433, 0.103956, 294.702148;
434, 0.000000, 294.677734;
435, 0.092674, 304.101562;
436, 0.000000, 301.586914;
437, 0.070110, 301.586914;
438, 0.000000, 301.586914;
439, 0.063663, 302.856445;
440, 0.000000, 307.250977;
441, 0.090256, 307.885742;
442, 0.000000, 304.736328;
443, 0.060440, 303.466797;
444, 0.000000, 302.856445;
445, 0.020952, 300.952148;
446, 0.000000, 308.520508;
447, 0.081392, 305.981445;
448, 0.000000, 305.981445;
449, 0.081392, 301.611328;
450, 0.000000, 305.346680;
451, 0.002418, 309.130859;
452, 0.000000, 306.616211;
453, 0.078168, 308.520508;
454, 0.000000, 302.856445;
455, 0.089451, 306.616211;
456, 0.000000, 307.861328;
457, 0.069304, 306.616211;
458, 0.000000, 306.005859;
459, 0.000000, 310.375977;
460, 0.000000, 309.765625;
461, 0.078974, 311.010742;
462, 0.000000, 304.101562;
463, 0.099927, 307.250977;
464, 0.000000, 310.400391;
465, 0.087033, 311.645508;
466, 0.000000, 309.130859;
467, 0.066886, 312.280273;
468, 0.000000, 307.861328;
469, 0.062051, 310.400391;
470, 0.000000, 312.890625;
471, 0.000000, 312.915039;
472, 0.000000, 314.160156;
473, 0.000000, 311.645508;
474, 0.000000, 313.525391;
475, 0.094286, 310.400391;
476, 0.000000, 315.405273;
477, 0.038681, 311.645508;
478, 0.000000, 317.919922;
479, 0.045128, 314.794922;
480, 0.000000, 316.674805;
481, 0.013700, 317.309570;
482, 0.000000, 313.525391;
483, 0.014505, 312.280273;
484, 0.000000, 315.405273;
485, 0.036264, 314.160156;
486, 0.000000, 310.400391;
487, 0.055604, 312.255859;
488, 0.000000, 310.400391;
489, 0.088645, 309.765625;
490, 0.000000, 311.010742;
491, 0.082198, 312.280273;
492, 0.000000, 311.645508;
493, 0.078168, 312.890625;
494, 0.000000, 311.035156;
495, 0.078974, 314.770508;
496, 0.000000, 317.309570;
497, 0.085421, 312.890625;
498, 0.000000, 316.674805;
499, 0.072527, 314.794922;
500, 0.000000, 314.160156;
501, 0.042711, 321.704102;
502, 0.000000, 317.285156;
503, 0.020952, 316.064453;
504, 0.000000, 319.799805;
505, 0.002418, 317.309570;
506, 0.000000, 320.434570;
507, 0.017729, 316.674805;
508, 0.000000, 314.160156;
509, 0.044322, 317.919922;
510, 0.000000, 320.458984;
511, 0.027399, 322.314453;
512, 0.000000, 314.794922;
513, 0.053993, 323.583984;
514, 0.000000, 320.434570;
515, 0.070110, 324.853516;
516, 0.000000, 321.704102;
517, 0.051575, 319.799805;
518, 0.000000, 322.949219;
519, 0.064469, 320.458984;
520, 0.000000, 322.949219;
521, 0.049963, 321.704102;
522, 0.000000, 324.829102;
523, 0.052381, 324.853516;
524, 0.000000, 325.463867;
525, 0.037070, 323.583984;
526, 0.000000, 323.583984;
527, 0.051575, 327.343750;
528, 0.000000, 329.248047;
529, 0.059634, 327.978516;
530, 0.000000, 322.949219;
531, 0.000000, 325.488281;
532, 0.000000, 327.978516;
533, 0.058828, 320.434570;
534, 0.000000, 327.368164;
535, 0.049963, 325.463867;
536, 0.000000, 329.223633;
537, 0.038681, 327.978516;
538, 0.000000, 327.978516;
539, 0.049963, 329.248047;
540, 0.000000, 327.978516;
541, 0.000000, 329.248047;
542, 0.136996, 324.218750;
543, 0.141832, 328.588867;
544, 0.340879, 329.882812;
545, 0.064469, 328.613281;
546, 0.000000, 331.127930;
547, 0.045934, 332.397461;
548, 0.347326, 326.098633;
549, 0.038681, 328.588867;
550, 0.220000, 327.368164;
551, 0.024176, 331.738281;
552, 0.309451, 332.397461;
553, 0.000000, 334.887695;
554, 0.253846, 332.373047;
555, 0.045934, 333.007812;
556, 0.321538, 331.762695;
557, 0.000000, 329.223633;
558, 0.253040, 331.762695;
559, 0.020952, 331.127930;
560, 0.240147, 334.252930;
561, 0.042711, 334.887695;
562, 0.322344, 332.397461;
563, 0.045128, 334.252930;
564, 0.139414, 332.397461;
565, 0.046740, 334.887695;
566, 0.304615, 335.522461;
567, 0.000000, 333.007812;
568, 0.261905, 334.252930;
569, 0.039487, 333.007812;
570, 0.136996, 335.522461;
571, 0.028205, 336.767578;
572, 0.310256, 334.887695;
573, 0.045934, 330.493164;
574, 0.228864, 333.642578;
575, 0.031429, 332.397461;
576, 0.219194, 333.007812;
577, 0.053187, 339.282227;
578, 0.317509, 336.767578;
579, 0.037875, 341.186523;
580, 0.236923, 334.887695;
581, 0.036264, 339.282227;
582, 0.282051, 334.912109;
583, 0.039487, 342.431641;
584, 0.282051, 339.282227;
585, 0.000000, 338.037109;
586, 0.279634, 334.887695;
587, 0.035458, 335.522461;
588, 0.123297, 334.912109;
589, 0.039487, 341.162109;
590, 0.209524, 333.007812;
591, 0.057216, 338.671875;
592, 0.317509, 338.037109;
593, 0.000000, 340.551758;
594, 0.245788, 338.647461;
595, 0.029011, 340.551758;
596, 0.179707, 339.916992;
597, 0.038681, 337.426758;
598, 0.068498, 333.618164;
599, 0.038681, 335.522461;
600, 0.286886, 339.306641;
601, 0.008059, 337.402344;
602, 0.279634, 341.186523;
603, 0.026593, 338.012695;
604, 0.257875, 338.037109;
605, 0.035458, 343.701172;
606, 0.189377, 335.522461;
607, 0.025788, 341.796875;
608, 0.051575, 343.701172;
609, 0.042711, 339.282227;
610, 0.227253, 341.186523;
611, 0.033846, 339.282227;
612, 0.291722, 345.581055;
613, 0.022564, 343.066406;
614, 0.266740, 341.796875;
615, 0.000000, 339.916992;
616, 0.276410, 343.701172;
617, 0.028205, 342.431641;
618, 0.234505, 338.037109;
619, 0.018535, 344.311523;
620, 0.211941, 343.066406;
621, 0.020952, 341.186523;
622, 0.193407, 344.311523;
623, 0.031429, 341.186523;
624, 0.111209, 348.071289;
625, 0.029817, 338.671875;
626, 0.107179, 344.946289;
627, 0.039487, 344.311523;
628, 0.000000, 339.916992;
629, 0.024982, 346.826172;
630, 0.246593, 343.066406;
631, 0.045934, 347.460938;
632, 0.152308, 348.095703;
633, 0.037875, 346.191406;
634, 0.310256, 339.306641;
635, 0.037070, 343.066406;
636, 0.177289, 336.767578;
637, 0.035458, 339.916992;
638, 0.270769, 342.431641;
639, 0.023370, 344.946289;
640, 0.254652, 343.701172;
641, 0.021758, 341.796875;
642, 0.127326, 339.916992;
643, 0.038681, 345.581055;
644, 0.245788, 350.610352;
645, 0.021758, 348.706055;
646, 0.183736, 341.796875;
647, 0.056410, 342.456055;
648, 0.253846, 348.706055;
649, 0.037875, 343.066406;
650, 0.000000, 345.581055;
651, 0.000806, 347.460938;
652, 0.107985, 349.340820;
653, 0.007253, 346.826172;
654, 0.088645, 343.701172;
655, 0.000000, 344.946289;
656, 0.176484, 344.946289;
657, 0.017729, 348.706055;
658, 0.192601, 349.975586;
659, 0.016117, 349.340820;
660, 0.229670, 347.460938;
661, 0.000000, 344.311523;
662, 0.244982, 349.365234;
663, 0.000000, 345.556641;
664, 0.221612, 351.855469;
665, 0.012894, 343.701172;
666, 0.246593, 349.340820;
667, 0.012894, 346.826172;
668, 0.244982, 349.975586;
669, 0.033846, 339.916992;
670, 0.058828, 345.581055;
671, 0.034652, 341.821289;
672, 0.035458, 349.951172;
673, 0.000000, 346.215820;
674, 0.168425, 349.340820;
675, 0.016117, 347.460938;
676, 0.206300, 344.311523;
677, 0.074139, 346.826172;
678, 0.244982, 349.365234;
679, 0.007253, 347.436523;
680, 0.238535, 348.095703;
681, 0.006447, 346.215820;
682, 0.162784, 348.706055;
683, 0.034652, 346.215820;
684, 0.089451, 345.556641;
685, 0.008059, 334.277344;
686, 0.173260, 353.125000;
687, 0.000000, 349.316406;
688, 0.244982, 349.365234;
689, 0.000000, 346.191406;
690, 0.183736, 348.095703;
691, 0.017729, 349.951172;
692, 0.253040, 350.000000;
693, 0.020147, 347.460938;
694, 0.141832, 348.095703;
695, 0.000000, 341.162109;
696, 0.216777, 349.365234;
697, 0.000000, 353.710938;
698, 0.152308, 346.875000;
699, 0.025788, 346.826172;
700, 0.227253, 347.460938;
701, 0.021758, 343.066406;
702, 0.141832, 354.345703;
703, 0.000000, 354.394531;
704, 0.233700, 348.095703;
705, 0.000000, 353.076172;
706, 0.145055, 348.095703;
707, 0.016117, 356.884766;
708, 0.052381, 353.125000;
709, 0.008864, 347.460938;
710, 0.207106, 351.220703;
711, 0.000000, 346.191406;
712, 0.219194, 353.125000;
713, 0.011282, 353.125000;
714, 0.044322, 354.980469;
715, 0.024176, 350.634766;
716, 0.184542, 348.095703;
717, 0.000000, 353.076172;
718, 0.199048, 356.250000;
719, 0.012088, 351.269531;
720, 0.000000, 358.105469;
721, 0.000000, 349.365234;
722, 0.195018, 344.970703;
723, 0.000000, 343.652344;
724, 0.212747, 353.759766;
725, 0.015311, 346.191406;
726, 0.109597, 353.125000;
727, 0.008864, 354.980469;
728, 0.199048, 352.490234;
729, 0.004029, 345.605469;
730, 0.214359, 346.826172;
731, 0.012894, 341.162109;
732, 0.116044, 351.855469;
733, 0.000000, 348.095703;
734, 0.228864, 350.000000;
735, 0.000806, 354.345703;
736, 0.032234, 341.796875;
737, 0.011282, 350.000000;
738, 0.250623, 344.287109;
739, 0.000000, 344.335938;
740, 0.089451, 353.759766;
741, 0.016923, 350.634766;
742, 0.126520, 348.730469;
743, 0.017729, 343.652344;
744, 0.220000, 350.634766;
745, 0.012088, 343.066406;
746, 0.057216, 354.980469;
747, 0.000000, 351.220703;
748, 0.215165, 353.759766;
749, 0.012894, 354.980469;
750, 0.000000, 343.066406;
751, 0.008864, 341.796875;
752, 0.189377, 353.125000;
753, 0.000000, 346.191406;
754, 0.048352, 351.269531;
755, 0.010476, 348.046875;
756, 0.170842, 347.460938;
757, 0.012088, 351.269531;
758, 0.197436, 349.316406;
759, 0.010476, 342.431641;
760, 0.145861, 347.460938;
761, 0.000000, 348.730469;
762, 0.195824, 354.980469;
763, 0.025788, 354.394531;
764, 0.163590, 344.335938;
765, 0.000000, 344.921875;
766, 0.193407, 353.125000;
767, 0.001612, 349.951172;
768, 0.171648, 350.000000;
769, 0.000000, 353.076172;
770, 0.100733, 349.365234;
771, 0.012894, 341.162109;
772, 0.157949, 361.279297;
773, 0.000000, 356.884766;
774, 0.142637, 358.789062;
775, 0.017729, 359.423828;
776, 0.145861, 350.585938;
777, 0.008864, 345.556641;
778, 0.191795, 345.605469;
779, 0.000000, 360.644531;
780, 0.186154, 354.345703;
781, 0.000000, 355.029297;
782, 0.000000, 360.009766;
783, 0.000000, 356.884766;
784, 0.197436, 351.855469;
785, 0.003223, 355.029297;
786, 0.045934, 358.105469;
787, 0.000000, 358.154297;
788, 0.202271, 355.615234;
789, 0.016117, 348.730469;
790, 0.139414, 358.154297;
791, 0.000000, 357.519531;
792, 0.182930, 353.076172;
793, 0.000000, 357.519531;
794, 0.179707, 351.269531;
795, 0.000000, 351.220703;
796, 0.012088, 354.345703;
797, 0.000000, 356.884766;
798, 0.203883, 360.058594;
799, 0.011282, 360.644531;
800, 0.120879, 358.154297;
801, 0.000000, 355.615234;
802, 0.111209, 348.730469;
803, 0.004835, 356.250000;
804, 0.154725, 355.615234;
805, 0.000000, 349.365234;
806, 0.062051, 360.644531;
807, 0.006447, 353.710938;
808, 0.107985, 360.693359;
809, 0.010476, 353.710938;
810, 0.146667, 354.394531;
811, 0.000000, 356.884766;
812, 0.003223, 351.855469;
813, 0.000000, 361.279297;
814, 0.151502, 348.730469;
815, 0.010476, 354.980469;
816, 0.112015, 361.914062;
817, 0.000000, 362.548828;
818, 0.042711, 356.884766;
819, 0.000000, 360.644531;
820, 0.170037, 349.365234;
821, 0.013700, 348.681641;
822, 0.107179, 360.058594;
823, 0.000000, 363.134766;
824, 0.000000, 360.644531;
825, 0.000000, 361.328125;
826, 0.155531, 359.375000;
827, 0.001612, 350.585938;
828, 0.122491, 351.855469;
829, 0.000000, 348.095703;
830, 0.033040, 361.279297;
831, 0.000000, 357.519531;
832, 0.103956, 356.884766;
833, 0.013700, 358.154297;
834, 0.158755, 354.980469;
835, 0.000000, 355.664062;
836, 0.056410, 360.009766;
837, 0.013700, 361.914062;
838, 0.100733, 346.191406;
839, 0.000000, 356.884766;
840, 0.162784, 362.500000;
841, 0.000000, 355.664062;
842, 0.118462, 365.039062;
843, 0.000000, 351.220703;
844, 0.136190, 356.250000;
845, 0.000000, 359.423828;
846, 0.187766, 363.134766;
847, 0.008059, 361.279297;
848, 0.158755, 356.884766;
849, 0.000000, 355.664062;
850, 0.043516, 350.585938;
851, 0.000000, 348.730469;
852, 0.133773, 350.585938;
853, 0.000000, 353.759766;
854, 0.171648, 348.095703;
855, 0.000000, 350.634766;
856, 0.150696, 349.316406;
857, 0.000000, 353.759766;
858, 0.040293, 345.556641;
859, 0.000000, 349.365234;
860, 0.168425, 345.556641;
861, 0.000000, 347.460938;
862, 0.192601, 324.853516;
863, 0.012894, 341.796875;
864, 0.154725, 338.037109;
865, 0.000000, 338.671875;
866, 0.083004, 350.585938;
867, 0.000000, 340.576172;
868, 0.000000, 337.402344;
869, 0.000000, 342.431641;
870, 0.134579, 343.066406;
871, 0.000000, 350.585938;
872, 0.135385, 343.701172;
873, 0.000806, 338.671875;
874, 0.132967, 336.181641;
875, 0.000000, 339.892578;
876, 0.111209, 340.576172;
877, 0.000000, 342.431641;
878, 0.033846, 324.218750;
879, 0.000000, 348.046875;
880, 0.164396, 334.277344;
881, 0.000000, 350.634766;
882, 0.172454, 334.863281;
883, 0.000000, 333.642578;
884, 0.167619, 346.826172;
885, 0.001612, 333.642578;
886, 0.121685, 335.546875;
887, 0.000000, 338.623047;
888, 0.061245, 333.642578;
889, 0.000000, 334.277344;
890, 0.000000, 336.767578;
891, 0.000000, 343.066406;
892, 0.111209, 339.306641;
893, 0.000000, 344.335938;
894, 0.087839, 331.738281;
895, 0.000000, 343.701172;
896, 0.147473, 341.796875;
897, 0.000000, 331.738281;
898, 0.151502, 338.671875;
899, 0.000000, 337.402344;
900, 0.124908, 335.498047;
901, 0.000000, 345.605469;
902, 0.053187, 343.701172;
903, 0.000000, 338.623047;
904, 0.000000, 336.181641;
905, 0.000000, 326.708984;
906, 0.145861, 323.583984;
907, 0.000000, 341.162109;
908, 0.111209, 343.066406;
909, 0.000000, 332.421875;
910, 0.074945, 338.623047;
911, 0.000000, 331.152344;
912, 0.157949, 343.066406;
913, 0.004835, 341.162109;
914, 0.158755, 318.554688;
915, 0.000000, 353.125000;
916, 0.141832, 333.642578;
917, 0.000000, 346.191406;
918, 0.114432, 349.316406;
919, 0.000000, 343.066406;
920, 0.072527, 349.365234;
921, 0.000000, 350.585938;
922, 0.035458, 343.066406;
923, 0.000000, 334.277344;
924, 0.007253, 350.585938;
925, 0.000000, 350.634766;
926, 0.000000, 341.796875;
927, 0.001612, 346.191406;
928, 0.145055, 349.365234;
929, 0.000000, 344.921875;
930, 0.151502, 336.132812;
931, 0.000000, 345.605469;
932, 0.145861, 341.162109;
933, 0.000000, 356.884766;
934, 0.116850, 353.759766;
935, 0.000000, 349.316406;
936, 0.092674, 346.875000;
937, 0.000000, 346.826172;
938, 0.128938, 344.287109;
939, 0.000000, 359.423828;
940, 0.139414, 359.375000;
941, 0.000000, 343.701172;
942, 0.152308, 354.394531;
943, 0.000000, 348.681641;
944, 0.127326, 343.066406;
945, 0.000000, 356.884766;
946, 0.090256, 349.365234;
947, 0.000000, 352.490234;
948, 0.127326, 358.740234;
949, 0.000000, 353.759766;
950, 0.129744, 337.402344;
951, 0.000000, 346.191406;
952, 0.155531, 351.855469;
953, 0.000000, 344.970703;
954, 0.124103, 346.826172;
955, 0.000000, 355.029297;
956, 0.075751, 356.250000;
957, 0.000000, 363.769531;
958, 0.116850, 366.943359;
959, 0.000000, 344.335938;
960, 0.197436, 353.710938;
961, 0.000000, 358.789062;
962, 0.139414, 361.914062;
963, 0.000000, 360.644531;
964, 0.116850, 360.644531;
965, 0.000000, 360.009766;
966, 0.119267, 360.058594;
967, 0.000000, 349.316406;
968, 0.115238, 350.000000;
969, 0.000000, 361.279297;
970, 0.128938, 358.105469;
971, 0.000000, 360.693359;
972, 0.132967, 354.980469;
973, 0.000000, 360.009766;
974, 0.124103, 363.183594;
975, 0.000000, 358.154297;
976, 0.119267, 361.914062;
977, 0.000000, 353.710938;
978, 0.129744, 340.527344;
979, 0.000000, 354.980469;
980, 0.132967, 346.191406;
981, 0.000000, 338.671875;
982, 0.130549, 348.095703;
983, 0.000000, 356.250000;
984, 0.077363, 353.125000;
985, 0.000000, 353.125000;
986, 0.057216, 356.250000;
987, 0.000000, 360.644531;
988, 0.124908, 347.460938;
989, 0.000000, 345.605469;
990, 0.000000, 348.681641;
991, 0.000000, 354.394531;
992, 0.000000, 358.740234;
993, 0.000000, 356.884766;
994, 0.053993, 341.210938;
995, 0.000000, 354.980469;
996, 0.074945, 358.789062;
997, 0.000000, 363.769531;
998, 0.101538, 353.759766;
999, 0.000000, 363.818359;
1000, 0.120073, 348.046875;
1001, 0.000000, 355.664062;
1002, 0.140220, 363.769531;
1003, 0.000000, 363.818359;
1004, 0.141832, 366.943359;
1005, 0.000000, 358.740234;
1006, 0.143443, 349.365234;
1007, 0.000000, 358.740234;
1008, 0.014505, 346.875000;
1009, 0.000000, 354.345703;
1010, 0.000000, 342.431641;
1011, 0.000000, 353.759766;
1012, 0.000000, 344.921875;
1013, 0.000000, 359.423828;
1014, 0.029817, 359.375000;
1015, 0.000000, 340.576172;
1016, 0.078168, 351.855469;
1017, 0.000806, 349.951172;
1018, 0.124103, 346.826172;
1019, 0.003223, 345.605469;
1020, 0.124103, 350.585938;
1021, 0.024176, 341.796875;
1022, 0.075751, 340.527344;
1023, 0.066886, 353.759766;
0, 0.000000, 345.556641;
1, 0.000000, 341.210938;
2, 0.000000, 349.316406;
3, 0.000000, 348.095703;
4, 0.000000, 344.970703;
5, 0.000000, 328.613281;
6, 0.000000, 319.824219;
7, 0.000000, 312.255859;
8, 0.000000, 295.947266;
9, 0.000000, 286.523438;
10, 0.000000, 275.830078;
11, 0.000000, 262.011719;
12, 0.000000, 254.443359;
13, 0.000000, 245.068359;
14, 0.000000, 230.566406;
15, 0.000000, 220.556641;
16, 0.000000, 209.863281;
17, 0.000000, 197.900391;
18, 0.000000, 189.746094;
19, 0.000000, 179.101562;
20, 0.000000, 168.994141;
21, 0.000000, 159.619141;
22, 0.000000, 149.511719;
23, 0.000000, 140.136719;
24, 0.000000, 131.298828;
25, 0.000000, 121.875000;
26, 0.000000, 113.134766;
27, 0.000000, 104.296875;
28, 0.000000, 94.873047;
29, 0.089451, 86.083984;
30, 0.000000, 79.785156;
31, 0.203077, 69.726562;
32, 0.000000, 62.841797;
33, 0.427912, 54.052734;
34, 0.000000, 47.753906;
35, 0.180513, 41.455078;
36, 0.000000, 35.791016;
37, 0.462564, 25.781250;
38, 0.000000, 21.386719;
39, 0.491575, 13.818359;
40, 0.000000, 1.855469;
41, 0.477070, 0.000000;
42, 0.000000, 0.000000;
43, 0.495604, 0.000000;
44, 0.000000, 0.000000;
45, 0.498828, 0.000000;
46, 0.000000, 0.000000;
47, 0.498828, 0.000000;
48, 0.000000, 0.000000;
49, 0.492381, 0.000000;
50, 0.000000, 0.000000;
51, 0.491575, 0.000000;
52, 0.000000, 0.000000;
53, 0.505275, -0.634766;
54, 0.000000, -1.220703;
55, 0.523810, -0.634766;
56, 0.000000, 0.000000;
57, 0.485934, 0.000000;
58, 0.000000, 0.000000;
59, 0.498828, 0.000000;
60, 0.000000, 0.000000;
61, 0.493993, 0.000000;
62, 0.000000, 0.000000;
63, 0.487546, 0.000000;
64, 0.000000, 0.000000;
65, 0.491575, 0.000000;
66, 0.000000, -0.634766;
67, 0.572161, -1.269531;
68, 0.000000, 0.000000;
69, 0.488352, 0.000000;
70, 0.000000, 0.000000;
71, 0.498022, 0.634766;
72, 0.000000, 0.000000;
73, 0.487546, 0.000000;
74, 0.000000, 0.000000;
75, 0.500440, -1.904297;
76, 0.000000, 0.000000;
77, 0.489963, 0.000000;
78, 0.000000, 0.634766;
79, 0.534286, 0.634766;
80, 0.000000, 0.000000;
81, 0.485934, 0.000000;
82, 0.000000, -1.269531;
83, 0.525421, -0.585938;
84, 0.000000, 0.000000;
85, 0.485934, 0.000000;
86, 0.000000, 1.220703;
87, 0.514139, 0.000000;
88, 0.000000, 0.000000;
89, 0.495604, -0.634766;
90, 0.000000, -1.220703;
91, 0.525421, -0.634766;
92, 0.000000, 0.000000;
93, 0.491575, 0.000000;
94, 0.000000, 0.000000;
95, 0.481905, 0.000000;
96, 0.000000, 0.000000;
97, 0.485128, 0.000000;
98, 0.000000, 0.000000;
99, 0.486740, 0.000000;
100, 0.000000, 0.000000;
101, 0.489963, -1.269531;
102, 0.000000, -0.634766;
103, 0.526227, 0.000000;
104, 0.000000, 0.634766;
105, 0.530256, 0.634766;
106, 0.000000, 0.000000;
107, 0.500440, -0.634766;
108, 0.000000, 0.634766;
109, 0.534286, -0.634766;
110, 0.000000, 0.634766;
111, 0.531868, 0.000000;
112, 0.000000, 0.634766;
113, 0.531062, 0.634766;
114, 0.000000, 1.220703;
115, 0.511722, 0.634766;
116, 0.000000, 1.269531;
117, 0.494799, 1.269531;
118, 0.000000, 1.855469;
119, 0.480293, 3.173828;
120, 0.000000, 6.884766;
121, 0.485934, 10.693359;
122, 0.000000, 13.818359;
123, 0.491575, 16.357422;
124, 0.000000, 12.548828;
125, 0.443223, 13.818359;
126, 0.000000, 18.212891;
127, 0.471429, 22.021484;
128, 0.000000, 18.847656;
129, 0.464176, 21.972656;
130, 0.000000, 26.416016;
131, 0.451282, 27.636719;
132, 0.000000, 32.031250;
133, 0.441612, 29.541016;
134, 0.000000, 30.761719;
135, 0.435971, 30.810547;
136, 0.000000, 34.570312;
137, 0.517363, 34.521484;
138, 0.000000, 35.205078;
139, 0.446447, 35.791016;
140, 0.000000, 40.869141;
141, 0.437582, 42.089844;
142, 0.000000, 42.089844;
143, 0.399707, 43.994141;
144, 0.000000, 44.628906;
145, 0.419853, 44.580078;
146, 0.000000, 47.119141;
147, 0.402125, 48.388672;
148, 0.000000, 51.513672;
149, 0.490769, 52.148438;
150, 0.000000, 52.148438;
151, 0.548791, 54.687500;
152, 0.000000, 55.273438;
153, 0.456117, 57.177734;
154, 0.000000, 59.716797;
155, 0.373919, 60.302734;
156, 0.000000, 61.572266;
157, 0.358608, 62.841797;
158, 0.000000, 64.062500;
159, 0.398095, 66.601562;
160, 0.000000, 67.871094;
161, 0.397289, 69.140625;
162, 0.000000, 69.726562;
163, 0.439194, 72.265625;
164, 0.000000, 73.486328;
165, 0.387619, 74.804688;
166, 0.000000, 76.025391;
167, 0.391648, 77.246094;
168, 0.000000, 80.468750;
169, 0.374725, 80.419922;
170, 0.000000, 82.275391;
171, 0.368278, 83.593750;
172, 0.000000, 86.083984;
173, 0.374725, 87.304688;
174, 0.000000, 88.623047;
175, 0.357802, 89.208984;
176, 0.000000, 91.748047;
177, 0.273993, 92.968750;
178, 0.000000, 94.238281;
179, 0.365055, 96.142578;
180, 0.000000, 97.412109;
181, 0.275604, 98.632812;
182, 0.000000, 100.537109;
183, 0.336044, 101.757812;
184, 0.000000, 103.076172;
185, 0.353773, 104.931641;
186, 0.000000, 106.152344;
187, 0.340073, 107.470703;
188, 0.000000, 109.960938;
189, 0.381172, 110.595703;
190, 0.000000, 111.816406;
191, 0.342491, 114.355469;
192, 0.000000, 115.625000;
193, 0.320733, 116.210938;
194, 0.000000, 118.750000;
195, 0.339267, 119.384766;
196, 0.000000, 120.654297;
197, 0.304615, 123.144531;
198, 0.000000, 123.779297;
199, 0.313480, 125.048828;
200, 0.000000, 126.904297;
201, 0.311062, 127.539062;
202, 0.000000, 130.078125;
203, 0.316703, 130.664062;
204, 0.000000, 132.568359;
205, 0.319121, 132.617188;
206, 0.000000, 134.423828;
207, 0.201465, 135.107422;
208, 0.000000, 138.232422;
209, 0.294139, 139.453125;
210, 0.000000, 140.771484;
211, 0.307033, 141.992188;
212, 0.000000, 143.896484;
213, 0.286081, 145.117188;
214, 0.000000, 146.435547;
215, 0.275604, 147.021484;
216, 0.000000, 147.656250;
217, 0.296557, 148.876953;
218, 0.000000, 152.050781;
219, 0.277216, 150.830078;
220, 0.000000, 154.541016;
221, 0.267546, 155.224609;
222, 0.000000, 156.445312;
223, 0.316703, 157.714844;
224, 0.000000, 158.935547;
225, 0.273993, 160.205078;